      0/19        0G    0.1112   0.03213   0.04348    0.1868        15       640  0.001928     0.013 0.0002004 3.375e-05    0.1161   0.02577   0.04513
      1/19        0G   0.09437   0.03116    0.0268    0.1523        24       640  0.005701     0.029 0.0005478 7.893e-05    0.1122   0.01961   0.03588
      2/19        0G   0.07717    0.0314   0.01339     0.122        18       640   0.05915     0.049   0.01387  0.002955    0.1086   0.01764   0.02948
      3/19        0G   0.06591   0.02786  0.006973    0.1007        10       640    0.2745     0.132   0.08736   0.02723   0.09614    0.0176    0.0216
      4/19        0G   0.06596   0.02447   0.00402   0.09445         9       640    0.4575     0.265    0.2327   0.08823   0.08147   0.01736   0.01318
      5/19        0G   0.06266   0.02357  0.002907   0.08914        13       640    0.5317     0.374    0.3714    0.1634   0.06967   0.01561  0.006931
      6/19        0G    0.0598    0.0219  0.002514   0.08421        17       640    0.5382    0.5047    0.4821    0.2237   0.05758   0.01417  0.003654
      7/19        0G   0.05604   0.01986  0.002114   0.07801         8       640    0.5547     0.552    0.5044    0.2256    0.0564   0.01344  0.002365
      8/19        0G   0.05404   0.01945  0.002095   0.07558        11       640    0.6447     0.514    0.5623    0.2848   0.05077   0.01322  0.002073
      9/19        0G   0.05222    0.0192  0.001894   0.07332        12       640    0.7467     0.571    0.6554    0.3455    0.0478   0.01238  0.001729
     10/19        0G   0.04926   0.01834  0.001763   0.06936        11       640    0.7457    0.6099    0.6733    0.3438   0.04851   0.01203  0.001553
     11/19        0G    0.0456   0.01765  0.001598   0.06485         8       640    0.6751    0.6027    0.6565    0.3496   0.04674   0.01177  0.001501
     12/19        0G   0.04525   0.01706  0.001484   0.06379        12       640    0.5295    0.6256    0.5494    0.2205   0.05106    0.0112  0.001435
     13/19        0G   0.05087   0.01799  0.001611   0.07047        16       640    0.5872     0.666    0.5992    0.2758   0.04743   0.01141  0.001624
     14/19        0G   0.04658   0.01718  0.001655   0.06542        12       640    0.7387    0.6727    0.7114     0.381   0.04541   0.01088  0.001514
     15/19        0G   0.04357   0.01616  0.001539   0.06127        12       640    0.7933    0.6755    0.7369    0.3875    0.0428   0.01101  0.001432
     16/19        0G   0.04142   0.01635   0.00148   0.05924        14       640    0.6953     0.669    0.6869    0.3958   0.04225   0.01079   0.00141
     17/19        0G   0.04147   0.01573  0.001374   0.05857        13       640    0.8487     0.708    0.7726    0.4542   0.03957   0.01099  0.001416
     18/19        0G   0.03931    0.0152  0.001318   0.05583        10       640    0.8126     0.694    0.7507    0.4486   0.04065   0.01103  0.001473
     19/19        0G   0.04068   0.01572  0.001266   0.05767        14       640    0.7835     0.689    0.7312    0.4187   0.04114   0.01084  0.001314
